0 0.00915911050082865 1.0137408392244e-06 0.00917461952087698
0.000977517106549365 0.00915961963076389 1.02241846699352e-06 0.00917454789422972
0.00195503421309873 0.00916013256539405 1.02897269621538e-06 0.00917447900382415
0.00293255131964809 0.00916064826265936 1.03348212748128e-06 0.00917441285221077
0.00391006842619746 0.00916116571985295 1.03602554810123e-06 0.00917434943713263
0.00488758553274682 0.00916168397367742 1.0366817851104e-06 0.00917428875172679
0.00586510263929619 0.00916220210023062 1.03552957024522e-06 0.00917423078472845
0.00684261974584555 0.00916271921492516 1.03264740880515e-06 0.00917417552068456
0.00782013685239492 0.00916323447234312 1.02811345377429e-06 0.00917412294014887
0.00879765395894428 0.00916374706603027 1.02200538711766e-06 0.00917407301989157
0.00977517106549365 0.00916425622823167 1.0144003059348e-06 0.00917402573309521
0.010752688172043 0.00916476122957238 1.00537461537875e-06 0.00917398104955382
0.0117302052785924 0.00916526137868569 9.95003926917981e-07 0.00917393893586736
0.0127077223851417 0.00916575602179193 9.83362961688022e-07 0.00917389935563888
0.0136852394916911 0.0091662445422309 9.70525461781169e-07 0.00917386226965397
0.0146627565982405 0.00916672635994961 9.56564099846569e-07 0.00917382763607494
0.0156402737047898 0.00916720093094929 9.41550408081054e-07 0.00917379541062296
0.0166177908113392 0.0091676677466949 9.25554696482034e-07 0.00917376554675772
0.0175953079178886 0.00916812633348693 9.0864598650299e-07 0.00917373799584931
0.0185728250244379 0.00916857625180077 8.90891946003086e-07 0.00917371270735215
0.0195503421309873 0.00916901709559591 8.72358834096837e-07 0.00917368962897612
0.0205278592375367 0.00916944849159664 8.53111442190857e-07 0.00917366870684552
0.021505376344086 0.00916987009854647 8.33213048484667e-07 0.00917364988565923
0.0224828934506354 0.00917028160643982 8.12725370179929e-07 0.00917363310885021
0.0234604105571848 0.00917068273573182 7.91708528041779e-07 0.00917361831872969
0.0244379276637341 0.00917107323653049 7.70221006070413e-07 0.00917360545663916
0.0254154447702835 0.00917145288777049 7.483196231956e-07 0.00917359446309235
0.0263929618768328 0.00917182149637373 7.2605950398371e-07 0.0091735852779082
0.0273704789833822 0.00917217889639661 7.03494059523229e-07 0.00917357784034133
0.0283479960899316 0.00917252494816791 6.80674964360526e-07 0.00917357208922391
0.0293255131964809 0.00917285953741634 6.5765214264245e-07 0.00917356796307266
0.0303030303030303 0.00917318257439272 6.34473755485262e-07 0.0091735654002179
0.0312805474095797 0.0091734939929866 6.11186197405447e-07 0.00917356433890884
0.032258064516129 0.00917379374984098 5.87834084960252e-07 0.00917356471743288
0.0332355816226784 0.00917408182346241 5.64460258198297e-07 0.00917356647421588
0.0342130987292278 0.00917435821333401 5.41105781997264e-07 0.00917356954791618
0.0351906158357771 0.00917462293902883 5.17809953094403e-07 0.00917357387753056
0.0361681329423265 0.00917487603932673 4.94610303478299e-07 0.00917357940247994
0.0371456500488759 0.00917511757133521 4.71542613355441e-07 0.00917358606269109
0.0381231671554252 0.00917534760961598 4.48640921237422e-07 0.00917359379868279
0.0391006842619746 0.00917556624531825 4.25937542680721e-07 0.00917360255164517
0.0400782013685239 0.00917577358532146 4.03463084672553e-07 0.0091736122635079
0.0410557184750733 0.00917596975138542 3.81246466371436e-07 0.00917362287701252
0.0420332355816227 0.00917615487931242 3.59314941027807e-07 0.00917363433577322
0.043010752688172 0.00917632911811925 3.37694118737308e-07 0.00917364658433564
0.0439882697947214 0.0091764926292231 3.16407994795705e-07 0.00917365956823857
0.0449657869012708 0.00917664558563956 2.95478972041916e-07 0.00917367323406154
0.0459433040078201 0.00917678817119416 2.74927892929353e-07 0.00917368752947025
0.0469208211143695 0.00917692057975053 2.54774071633494e-07 0.00917370240326328
0.0478983382209189 0.00917704301445198 2.35035318764095e-07 0.00917371780541602
0.0488758553274682 0.00917715568698008 2.15727982380131e-07 0.00917373368711023
0.0498533724340176 0.00917725881683028 1.96866975131276e-07 0.00917375000076909
0.050830889540567 0.00917735263060387 1.78465814328066e-07 0.00917376670008759
0.0518084066471163 0.0091774373613189 1.6053665495867e-07 0.00917378374005755
0.0527859237536657 0.00917751324773776 1.43090326289608e-07 0.00917380107699076
0.0537634408602151 0.00917758053371433 1.26136370800535e-07 0.00917381866853383
0.0547409579667644 0.00917763946755973 1.09683081729942e-07 0.0091738364736885
0.0557184750733138 0.00917769030142704 9.37375398714618e-08 0.00917385445283227
0.0566959921798631 0.00917773329071589 7.83056576399675e-08 0.00917387256771209
0.0576735092864125 0.00917776869349661 6.33922111210189e-08 0.00917389078146021
0.0586510263929619 0.00917779676995314 4.90008863955702e-08 0.00917390905860338
0.0596285434995112 0.00917781778184767 3.51343160060261e-08 0.00917392736505963
0.0606060606060606 0.00917783199200352 2.17941194130284e-08 0.00917394566813511
0.06158357771261 0.00917783966380896 8.98094317794071e-09 0.00917396393652806
0.0625610948191593 0.00917784106074086 -3.30549795131072e-09 0.0091739821403188
0.0635386119257087 0.00917783644590867 -1.50663822043318e-08 0.00917400025096845
0.0645161290322581 0.00917782608161709 -2.63037427232233e-08 0.00917401824130295
0.0654936461388074 0.00917781022895023 -3.70204234834744e-08 0.00917403608550309
0.0664711632453568 0.00917778914737427 -4.72200446962039e-08 0.00917405375909767
0.0674486803519062 0.00917776309436048 -5.69069597312899e-08 0.00917407123894147
0.0684261974584555 0.00917773232502736 -6.60862198248544e-08 0.00917408850319967
0.0694037145650049 0.00917769709180141 -7.47635355497541e-08 0.00917410553133435
0.0703812316715543 0.00917765764409768 -8.29452357479533e-08 0.00917412230408288
0.0713587487781036 0.00917761422801883 -9.06382351831356e-08 0.00917413880343613
0.072336265884653 0.00917756708607201 -9.78499946884676e-08 0.00917415501261272
0.0733137829912024 0.00917751645690471 -1.04588486628471e-07 0.00917417091604408
0.0742913000977517 0.00917746257505778 -1.10862158775793e-07 0.00917418649934599
0.0752688172043011 0.00917740567073649 -1.16679900586444e-07 0.00917420174929234
0.0762463343108504 0.00917734596959843 -1.22051007544728e-07 0.00917421665378554
0.0772238514173998 0.00917728369255816 -1.26985150546892e-07 0.00917423120183804
0.0782013685239492 0.00917721905560843 -1.31492340968344e-07 0.00917424538353716
0.0791788856304985 0.00917715226965718 -1.35582900902308e-07 0.00917425919002019
0.0801564027370479 0.00917708354038044 -1.39267431521718e-07 0.0091742726134447
0.0811339198435973 0.00917701306808995 -1.4255678359781e-07 0.00917428564695538
0.0821114369501466 0.00917694104761624 -1.4546202593271e-07 0.00917429828466058
0.083088954056696 0.00917686766820612 -1.47994420945366e-07 0.00917431052159621
0.0840664711632454 0.00917679311343324 -1.50165393262864e-07 0.00917432235369668
0.0850439882697947 0.0091767175611232 -1.51986506989913e-07 0.0091743337777636
0.0860215053763441 0.00917664118329053 -1.53469437550379e-07 0.00917434479143432
0.0869990224828935 0.00917656414608967 -1.54625946194873e-07 0.00917435539315423
0.0879765395894428 0.00917648660977738 -1.55467858179012e-07 0.00917436558213993
0.0889540566959922 0.00917640872868662 -1.56007039670133e-07 0.00917437535835062
0.0899315738025415 0.00917633065121252 -1.5625537240732e-07 0.00917438472245714
0.0909090909090909 0.00917625251980853 -1.56224738402438e-07 0.00917439367581029
0.0918866080156403 0.00917617447099248 -1.55926993327315e-07 0.00917440222040562
0.0928641251221896 0.00917609663536405 -1.55373952504109e-07 0.00917441035886041
0.093841642228739 0.00917601913763 -1.54577368803848e-07 0.009174418094378
0.0948191593352884 0.00917594209663961 -1.53548915972704e-07 0.00917442543071946
0.0957966764418377 0.00917586562542851 -1.52300172446369e-07 0.00917443237217077
0.0967741935483871 0.00917578983127039 -1.50842605474303e-07 0.00917443892351435
0.0977517106549365 0.00917571481573597 -1.49187555932009e-07 0.00917444509000412
0.0987292277614858 0.00917564067476082 -1.47346223201622e-07 0.00917445087733083
0.0997067448680352 0.00917556749871799 -1.45329653738558e-07 0.00917445629159391
0.100684261974585 0.00917549537249884 -1.43148727598137e-07 0.00917446133927691
0.101661779081134 0.00917542437559826 -1.40814147676178e-07 0.00917446602722067
0.102639296187683 0.0091753545822071 -1.38336425825137e-07 0.00917447036259434
0.103616813294233 0.00917528606130944 -1.35725875360752e-07 0.00917447435286718
0.104594330400782 0.00917521887678376 -1.32992604669592e-07 0.00917447800578644
0.105571847507331 0.00917515308750935 -1.30146499639555e-07 0.00917448132935113
0.106549364613881 0.00917508874747762 -1.27197225913058e-07 0.00917448433178716
0.10752688172043 0.00917502590590462 -1.24154216943687e-07 0.00917448702152582
0.108504398826979 0.0091749646073495 -1.21026667131022e-07 0.00917448940717843
0.109481915933529 0.00917490489183457 -1.17823527037578e-07 0.00917449149751072
0.110459433040078 0.00917484679496931 -1.14553497912494e-07 0.00917449330142906
0.111436950146628 0.00917479034807494 -1.11225030146114e-07 0.00917449482795362
0.112414467253177 0.00917473557831242 -1.07846314250076e-07 0.00917449608620017
0.113391984359726 0.00917468250881166 -1.04425282957841e-07 0.00917449708535942
0.114369501466276 0.00917463115880286 -1.00969602737783e-07 0.00917449783467767
0.115347018572825 0.00917458154374833 -9.74866773729988e-08 0.00917449834343916
0.116324535679374 0.00917453367547513 -9.39836449333556e-08 0.00917449862094872
0.117302052785924 0.00917448756230822 -9.04673746365044e-08 0.00917449867651516
0.118279569892473 0.00917444320920546 -8.69444661169127e-08 0.00917449851943556
0.119257086999022 0.00917440061789113 -8.34212542004734e-08 0.00917449815897782
0.120234604105572 0.0091743597869891 -7.99038056618732e-08 0.00917449760436561
0.121212121212121 0.00917432071215731 -7.63979178444035e-08 0.00917449686476724
0.122189638318671 0.00917428338622062 -7.29091258256688e-08 0.00917449594928163
0.12316715542522 0.00917424779930225 -6.94427006375439e-08 0.00917449486692504
0.124144672531769 0.00917421393895602 -6.60036506797568e-08 0.0091744936266174
0.125122189638319 0.0091741817902955 -6.25967278736032e-08 0.00917449223717201
0.126099706744868 0.00917415133612334 -5.92264251953866e-08 0.00917449070728838
0.127077223851417 0.00917412255705877 -5.58969832889673e-08 0.00917448904553787
0.128054740957967 0.00917409543166336 -5.26123933003008e-08 0.00917448726035407
0.129032258064516 0.00917406993656453 -4.9376400670844e-08 0.00917448536002837
0.130009775171065 0.00917404604657807 -4.61925079723105e-08 0.0091744833526967
0.130987292277615 0.00917402373482751 -4.30639816536606e-08 0.0091744812463353
0.131964809384164 0.00917400297286223 -3.99938530071253e-08 0.00917447904875474
0.132942326490714 0.0091739837307729 -3.69849261941217e-08 0.00917447676758969
0.133919843597263 0.00917396597730479 -3.40397799958054e-08 0.00917447441029605
0.134897360703812 0.00917394967996786 -3.1160776603565e-08 0.00917447198414489
0.135874877810362 0.00917393480514552 -2.83500623244042e-08 0.0091744694962191
0.136852394916911 0.00917392131819947 -2.56095774849117e-08 0.00917446695340618
0.13782991202346 0.00917390918357295 -2.29410572160065e-08 0.00917446436239603
0.13880742913001 0.00917389836489019 -2.03460426857066e-08 0.0091744617296811
0.139784946236559 0.00917388882505402 -1.78258799054219e-08 0.00917445906154964
0.140762463343109 0.00917388052633974 -1.5381733673445e-08 0.00917445636408444
0.141739980449658 0.00917387343048655 -1.3014584657146e-08 0.00917445364315911
0.142717497556207 0.00917386749878632 -1.07252423981949e-08 0.00917445090444169
0.143695014662757 0.00917386269216885 -8.51434677146337e-09 0.00917444815339121
0.144672531769306 0.00917385897128424 -6.38237762857e-09 0.00917444539525563
0.145650048875855 0.00917385629658238 -4.32965698363152e-09 0.00917444263507218
0.146627565982405 0.00917385462838914 -2.3563596477684e-09 0.00917443987767053
0.147605083088954 0.00917385392698023 -4.62513004024362e-10 0.00917443712767051
0.148582600195503 0.00917385415265146 1.35199002405766e-09 0.00917443438948259
0.149560117302053 0.00917385526578585 3.0873902631505e-09 0.00917443166731247
0.150537634408602 0.00917385722691786 4.74405205267217e-09 0.00917442896515859
0.151515151515152 0.00917385999679557 6.32246332198105e-09 0.00917442628681526
0.152492668621701 0.00917386353643831 7.82322126914939e-09 0.00917442363587713
0.15347018572825 0.00917386780719217 9.24703426287074e-09 0.00917442101573843
0.1544477028348 0.00917387277078268 1.05947113992078e-08 0.00917441842959904
0.155425219941349 0.00917387838936525 1.18671610786856e-08 0.00917441588046222
0.156402737047898 0.00917388462557106 1.30653779344993e-08 0.00917441337114189
0.157380254154448 0.0091738914425516 1.41904472363268e-08 0.00917441090426383
0.158357771260997 0.00917389880401978 1.52435286832411e-08 0.00917440848227067
0.159335288367546 0.00917390667428852 1.62258614560921e-08 0.00917440610742377
0.160312805474096 0.00917391501830693 1.7138750617058e-08 0.00917440378180896
0.161290322580645 0.00917392380169322 1.7983566220816e-08 0.00917440150733722
0.162267839687195 0.00917393299076524 1.87617364157643e-08 0.00917439928575311
0.163245356793744 0.00917394255256956 1.94747471022813e-08 0.00917439711863569
0.164222873900293 0.00917395245490707 2.01241281009082e-08 0.00917439500740263
0.165200391006843 0.00917396266635561 2.07114576368257e-08 0.00917439295331581
0.166177908113392 0.00917397315629182 2.12383513146022e-08 0.00917439095748714
0.167155425219941 0.00917398389490968 2.17064624621031e-08 0.00917438902088053
0.168132942326491 0.00917399485323733 2.2117473262584e-08 0.0091743871443167
0.16911045943304 0.009174006003151 2.24730933103164e-08 0.00917438532847739
0.170087976539589 0.0091740173173876 2.27750557980997e-08 0.00917438357391452
0.171065493646139 0.00917402876955595 2.30251134543218e-08 0.00917438188104918
0.172043010752688 0.00917404033414431 2.3225031440784e-08 0.00917438025017968
0.173020527859238 0.00917405198652756 2.33765900849994e-08 0.00917437868148239
0.173998044965787 0.00917406370297169 2.34815730364765e-08 0.00917437717502314
0.174975562072336 0.00917407546063674 2.35417726832847e-08 0.00917437573075704
0.175953079178886 0.00917408723757886 2.35589794474016e-08 0.00917437434853359
0.176930596285435 0.00917409901274929 2.35349839814141e-08 0.009174373028101
0.177908113391984 0.00917411076599291 2.34715690558681e-08 0.00917437176911416
0.178885630498534 0.00917412247804513 2.33705140877637e-08 0.00917437057113562
0.179863147605083 0.00917413413052775 2.32335836709971e-08 0.00917436943364173
0.180840664711632 0.00917414570594221 2.30625325435248e-08 0.00917436835602705
0.181818181818182 0.00917415718766276 2.28590962484797e-08 0.00917436733761053
0.182795698924731 0.00917416855992814 2.26249971648287e-08 0.00917436637763549
0.183773216031281 0.00917417980783258 2.23619334557747e-08 0.00917436547527873
0.18475073313783 0.00917419091731359 2.20715815092958e-08 0.00917436462965269
0.185728250244379 0.00917420187514201 2.17555962146168e-08 0.00917436383980972
0.186705767350929 0.00917421266890906 2.14156052148534e-08 0.00917436310474603
0.187683284457478 0.00917422328701325 2.105320908081e-08 0.00917436242340719
0.188660801564027 0.00917423371864588 2.0669978203873e-08 0.00917436179468877
0.189638318670577 0.00917424395377554 2.02674512026673e-08 0.00917436121744543
0.190615835777126 0.00917425398313306 1.98471383738548e-08 0.00917436069049013
0.191593352883675 0.00917426379819527 1.94105127117967e-08 0.00917436021260144
0.192570869990225 0.00917427339116736 1.89590151930628e-08 0.00917435978252266
0.193548387096774 0.00917428275496594 1.84940496179061e-08 0.00917435939897165
0.194525904203324 0.00917429188320111 1.8016986957697e-08 0.00917435906063676
0.195503421309873 0.00917430077015857 1.75291572674253e-08 0.00917435876618713
0.196480938416422 0.0091743094107797 1.70318542875962e-08 0.00917435851426986
0.197458455522972 0.00917431780064328 1.6526332770805e-08 0.0091743583035198
0.198435972629521 0.00917432593594594 1.60138104799215e-08 0.00917435813255572
0.19941348973607 0.00917433381348317 1.54954634167329e-08 0.00917435799998929
0.20039100684262 0.00917434143062784 1.4972426642685e-08 0.00917435790442284
0.201368523949169 0.00917434878531167 1.44457995010505e-08 0.00917435784445454
0.202346041055718 0.00917435587600536 1.39166387424366e-08 0.00917435781868156
0.203323558162268 0.00917436270169774 1.33859603232596e-08 0.00917435782570117
0.204301075268817 0.00917436926187561 1.28547400176683e-08 0.00917435786411232
0.205278592375367 0.00917437555650346 1.23239128580963e-08 0.00917435793252225
0.206256109481916 0.00917438158600383 1.17943760417905e-08 0.00917435802954333
0.207233626588465 0.00917438735123689 1.12669826762661e-08 0.00917435815379935
0.208211143695015 0.00917439285347998 1.07425488621825e-08 0.0091743583039222
0.209188660801564 0.00917439809440826 1.02218491227803e-08 0.00917435847856156
0.210166177908113 0.00917440307607516 9.70562332195876e-09 0.0091743586763793
0.211143695014663 0.00917440780089325 9.19456632662505e-09 0.00917435889605422
0.212121212121212 0.00917441227161286 8.68933697131119e-09 0.00917435913628487
0.213098729227761 0.00917441649130549 8.19055812496111e-09 0.0091743593957889
0.214076246334311 0.00917442046334393 7.69881488334873e-09 0.00917435967330306
0.21505376344086 0.00917442419138401 7.21465191104789e-09 0.00917435996759062
0.21603128054741 0.00917442767934401 6.73857782941545e-09 0.00917436027743616
0.217008797653959 0.00917443093139048 6.27107385421308e-09 0.0091743606016487
0.217986314760508 0.00917443395191946 5.81257853437753e-09 0.00917436093906274
0.218963831867058 0.00917443674553866 5.3634997125053e-09 0.00917436128853971
0.219941348973607 0.00917443931705067 4.92420895227032e-09 0.00917436164896807
0.220918866080156 0.00917444167143583 4.49504605586071e-09 0.00917436201926692
0.221896383186706 0.00917444381383617 4.07631916134014e-09 0.00917436239838107
0.222873900293255 0.00917444574954125 3.66830878889036e-09 0.00917436278528713
0.223851417399804 0.00917444748397216 3.2712610302868e-09 0.00917436317898976
0.224828934506354 0.00917444902266603 2.88539476513139e-09 0.00917436357852646
0.225806451612903 0.00917445037126218 2.51089853802507e-09 0.00917436398296346
0.226783968719453 0.00917445153548638 2.14793256553443e-09 0.00917436439139805
0.227761485826002 0.00917445252113989 1.79663656066191e-09 0.00917436480296004
0.228739002932551 0.00917445333408617 1.45711941118695e-09 0.0091743652168091
0.229716520039101 0.00917445398023651 1.12946504446788e-09 0.00917436563213643
0.23069403714565 0.00917445446553938 8.13738060929329e-10 0.00917436604816851
0.231671554252199 0.00917445479596796 5.09971012006795e-10 0.00917436646415996
0.232649071358749 0.00917445497750631 2.18179257727982e-10 0.00917436687939882
0.233626588465298 0.00917445501614313 -6.16380980815196e-11 0.00917436729320103
0.234604105571848 0.00917445491785933 -3.29509159188853e-10 0.00917436770491791
0.235581622678397 0.00917445468861742 -5.8547981439676e-10 0.00917436811393009
0.236559139784946 0.00917445433435235 -8.29613418002091e-10 0.00917436851964946
0.237536656891496 0.00917445386096343 -1.06199115018461e-09 0.00917436892151815
0.238514173998045 0.00917445327430368 -1.28271388747259e-09 0.00917436931900909
0.239491691104594 0.00917445258017404 -1.49189091430083e-09 0.00917436971162374
0.240469208211144 0.00917445178431505 -1.68965439182418e-09 0.00917437009889548
0.241446725317693 0.00917445089239867 -1.87614469180633e-09 0.00917437048038209
0.242424242424242 0.00917444991002259 -2.05152176176908e-09 0.00917437085567642
0.243401759530792 0.00917444884270073 -2.21595545678212e-09 0.00917437122439548
0.244379276637341 0.00917444769586176 -2.36962200176553e-09 0.00917437158618284
0.245356793743891 0.00917444647484099 -2.51271550690945e-09 0.00917437194070858
0.24633431085044 0.00917444518487503 -2.64543681231799e-09 0.00917437228767245
0.247311827956989 0.00917444383109799 -2.76799570300711e-09 0.00917437262679748
0.248289345063539 0.00917444241853613 -2.88061392293248e-09 0.00917437295783593
0.249266862170088 0.00917444095210307 -2.98351841184472e-09 0.0091743732805599
0.250244379276637 0.00917443943659806 -3.07694139546795e-09 0.00917437359476401
0.251221896383187 0.00917443787670168 -3.16112448427185e-09 0.00917437390027047
0.252199413489736 0.00917443627697253 -3.23631427494482e-09 0.00917437419692251
0.253176930596285 0.00917443464184428 -3.30276271240902e-09 0.00917437448458361
0.254154447702835 0.00917443297562441 -3.36072391703829e-09 0.00917437476314344
0.255131964809384 0.00917443128249131 -3.41045926157031e-09 0.00917437503250608
0.256109481915934 0.00917442956649254 -3.45223037851762e-09 0.00917437529260067
0.257086999022483 0.00917442783154418 -3.48630214107304e-09 0.0091743755433692
0.258064516129032 0.00917442608142902 -3.51294221620155e-09 0.0091743757847775
0.259042033235582 0.00917442431979583 -3.53241889840435e-09 0.0091743760168058
0.260019550342131 0.00917442255015897 -3.54500239688367e-09 0.00917437623945361
0.26099706744868 0.00917442077589745 -3.5509621627676e-09 0.00917437645273365
0.26197458455523 0.00917441900025592 -3.55056745072677e-09 0.00917437665667842
0.262952101661779 0.00917441722634397 -3.54408860744025e-09 0.00917437685132967
0.263929618768328 0.00917441545713671 -3.5317935125935e-09 0.00917437703674845
0.264907135874878 0.00917441369547531 -3.51394935935515e-09 0.00917437721300564
0.265884652981427 0.00917441194406787 -3.49082178029321e-09 0.00917437738018675
0.266862170087977 0.00917441020549021 -3.46267383603133e-09 0.00917437753838834
0.267839687194526 0.0091744084821874 -3.42976578897574e-09 0.00917437768771883
0.268817204301075 0.00917440677647486 -3.39235528622021e-09 0.00917437782829572
0.269794721407625 0.00917440509054009 -3.35069666424718e-09 0.00917437796024997
0.270772238514174 0.00917440342644422 -3.30504136515294e-09 0.00917437808371893
0.271749755620723 0.00917440178612386 -3.25563544916266e-09 0.00917437819885043
0.272727272727273 0.00917440017139337 -3.20272195065583e-09 0.00917437830579772
0.273704789833822 0.00917439858394647 -3.14654050850762e-09 0.00917437840472497
0.274682306940371 0.00917439702535877 -3.08732382226558e-09 0.00917437849580189
0.275659824046921 0.00917439549709004 -3.02530248107776e-09 0.00917437857920384
0.27663734115347 0.00917439400048672 -2.96069884572953e-09 0.00917437865511
0.27761485826002 0.00917439253678473 -2.89373341953757e-09 0.00917437872371115
0.278592375366569 0.00917439110711147 -2.82461894374414e-09 0.00917437878519639
0.279569892473118 0.00917438971248921 -2.75356378209813e-09 0.0091743788397631
0.280547409579668 0.00917438835383765 -2.68076908886477e-09 0.00917437888760881
0.281524926686217 0.00917438703197689 -2.60643308918804e-09 0.00917437892893642
0.282502443792766 0.00917438574762972 -2.53074574680821e-09 0.00917437896395095
0.283479960899316 0.00917438450142593 -2.45389006120131e-09 0.00917437899285991
0.284457478005865 0.00917438329390473 -2.37604414408379e-09 0.00917437901587141
0.285434995112414 0.00917438212551781 -2.29738122075425e-09 0.00917437903319693
0.286412512218964 0.00917438099663229 -2.2180653885996e-09 0.0091743790450478
0.287390029325513 0.00917437990753486 -2.13825495685798e-09 0.00917437905163822
0.288367546432063 0.00917437885843456 -2.05810113634679e-09 0.00917437905317676
0.289345063538612 0.0091743778494666 -1.9777496327656e-09 0.00917437904987536
0.290322580645161 0.00917437688069461 -1.89733956510959e-09 0.00917437904194662
0.291300097751711 0.00917437595211505 -1.81700123095272e-09 0.00917437902960103
0.29227761485826 0.00917437506366124 -1.7368562443582e-09 0.00917437901304672
0.293255131964809 0.0091743742152065 -1.65702438703337e-09 0.00917437899249415
0.294232649071359 0.00917437340656664 -1.5776134985239e-09 0.00917437896814745
0.295210166177908 0.00917437263750599 -1.49872456304645e-09 0.00917437894021139
0.296187683284457 0.00917437190773951 -1.42045093981351e-09 0.00917437890888616
0.297165200391007 0.00917437121693813 -1.34287848473514e-09 0.00917437887437442
0.298142717497556 0.00917437056473089 -1.26608611480039e-09 0.00917437883687366
0.299120234604106 0.00917436995071108 -1.1901394736261e-09 0.00917437879657557
0.300097751710655 0.00917436937444058 -1.11509786631216e-09 0.00917437875367222
0.301075268817204 0.00917436883545369 -1.04101269531726e-09 0.00917437870835182
0.302052785923754 0.00917436833326186 -9.67923105056091e-10 0.00917437866080051
0.303030303030303 0.00917436786736002 -8.95856857067393e-10 0.00917437861120054
0.304007820136852 0.00917436743723156 -8.24830865230313e-10 0.00917437855972973
0.304985337243402 0.00917436704235473 -7.54850748856291e-10 0.00917437850656342
0.305962854349951 0.00917436668220749 -6.85909661696498e-10 0.00917437845187574
0.3069403714565 0.00917436635627636 -6.17981266420181e-10 0.0091743783958344
0.30791788856305 0.00917436606406353 -5.51028145204593e-10 0.00917437833860299
0.308895405669599 0.00917436580509512 -4.84993036183046e-10 0.00917437828034743
0.309872922776149 0.0091743655789298 -4.19801004180285e-10 0.0091743782212275
0.310850439882698 0.00917436538517005 -3.55352697679716e-10 0.00917437816139887
0.311827956989247 0.00917436522347332 -2.91526125017604e-10 0.00917437810101642
0.312805474095797 0.00917436509356507 -2.28171847898011e-10 0.00917437804023313
0.313782991202346 0.00917436499525198 -1.65112397766762e-10 0.00917437797920158
0.314760508308895 0.00917436492843989 -1.02128989130663e-10 0.00917437791806766
0.315738025415445 0.00917436489315207 -3.89691703385486e-11 0.00917437785697938
0.316715542521994 0.00917436488954997 2.46676569687181e-11 0.0091743777960865
0.317693059628543 0.00917436491795693 8.91302380208805e-11 0.00917437773554
0.318670576735093 0.00917436497888611 1.54829838674379e-10 0.00917437767548684
0.319648093841642 0.00917436507307149 2.22240823346317e-10 0.00917437761607856
0.320625610948192 0.00917436520150415 2.91917818558271e-10 0.00917437755747217
0.321603128054741 0.00917436536547287 3.64499855998049e-10 0.00917437749982706
0.32258064516129 0.00917436556661172 4.40731426966942e-10 0.00917437744330914
0.32355816226784 0.00917436580695453 5.21469613638196e-10 0.00917437738809104
0.324535679374389 0.00917436608899761 6.07709805736231e-10 0.00917437733435842
0.325513196480938 0.00917436641577114 7.00597113770284e-10 0.00917437728230672
0.326490713587488 0.00917436679092282 8.01459543316955e-10 0.00917437723214496
0.327468230694037 0.00917436721881327 9.11826093227602e-10 0.00917437718410182
0.328445747800586 0.00917436770462651 1.03346679183999e-09 0.00917437713842747
0.329423264907136 0.00917436825449706 1.16842058425738e-09 0.00917437709539782
0.330400782013685 0.00917436887565732 1.31904730984767e-09 0.00917437705531643
0.331378299120235 0.00917436957660735 1.48806643856446e-09 0.00917437701852263
0.332355816226784 0.0091743703673105 1.67862181802352e-09 0.00917437698539908
0.333333333333333 0.00917437125941976 1.89433985248598e-09 0.00917437695637866
0.334310850439883 0.00917437226653939 2.13941294456178e-09 0.0091743769319472
0.335288367546432 0.00917437340452675 2.41867613733936e-09 0.00917437691266021
0.336265884652981 0.00917437469184069 2.73771870055789e-09 0.0091743768991491
0.337243401759531 0.00917437614994507 3.10299236601212e-09 0.00917437689213953
0.33822091886608 0.00917437780377446 3.52195229942197e-09 0.0091743768924586
0.339198435972629 0.00917437968227178 4.00320428331014e-09 0.00917437690105629
0.340175953079179 0.00917438181901054 4.55669732099485e-09 0.00917437691902592
0.341153470185728 0.00917438425291348 5.19391610346838e-09 0.00917437694762707
0.342130987292278 0.00917438702908212 5.92813575076121e-09 0.00917437698830588
0.343108504398827 0.00917439019975806 6.77468806840062e-09 0.00917437704273418
0.344086021505376 0.00917439382542956 7.75128851873024e-09 0.00917437711283875
0.345063538611926 0.00917439797611564 8.87840927542966e-09 0.00917437720084222
0.346041055718475 0.00917440273284693 1.01797010454343e-08 0.00917437730931168
0.347018572825024 0.00917440818937659 1.16824937946441e-08 0.00917437744121045
0.347996089931574 0.00917441445416082 1.3418369959622e-08 0.00917437759996372
0.348973607038123 0.00917442165264437 1.54238218877335e-08 0.0091743777895291
0.349951124144673 0.00917442992990457 1.77410229953491e-08 0.0091743780144771
0.350928641251222 0.00917443945370559 2.04187061711241e-08 0.0091743782800928
0.351906158357771 0.00917445041802949 2.35131927434919e-08 0.0091743785924817
0.352883675464321 0.00917446304715668 2.70895667040883e-08 0.00917437895870375
0.35386119257087 0.00917447760038275 3.12230484437017e-08 0.00917437938691618
0.354838709677419 0.00917449437746851 3.60005613217929e-08 0.00917437988654925
0.355816226783969 0.00917451372494024 4.15225710149927e-08 0.00917438046850498
0.356793743890518 0.00917453604337232 4.79051788753577e-08 0.00917438114538524
0.357771260997067 0.00917456179580048 5.52825691362197e-08 0.00917438193175394
0.358748778103617 0.00917459151745105 6.38098198811458e-08 0.00917438284444814
0.359726295210166 0.00917462582697983 7.36661566055289e-08 0.00917438390293187
0.360703812316716 0.00917466543946739 8.50587238400099e-08 0.00917438512970197
0.361681329423265 0.00917471118143495 9.82269185378047e-08 0.00917438655076156
0.362658846529814 0.00917476400819916 1.13447425523433e-07 0.00917438819616928
0.363636363636364 0.00917482502393299 1.3104002340072e-07 0.00917439010067019
0.364613880742913 0.00917489550484901 1.51374293983441e-07 0.00917439230442505
0.365591397849462 0.00917497692599499 1.74877384639905e-07 0.009174394853851
0.366568914956012 0.00917507099222327 2.02042969891028e-07 0.00917439780260542
0.367546432062561 0.00917517967398343 2.33441621309599e-07 0.00917440121270219
0.36852394916911 0.00917530524869318 2.69732779635101e-07 0.00917440515582428
0.36950146627566 0.00917545034854814 3.1167859583964e-07 0.00917440971482347
0.370478983382209 0.00917561801578335 3.60159939701433e-07 0.00917441498545963
0.371456500488759 0.0091758117665422 4.16194882580767e-07 0.00917442107841713
0.372434017595308 0.00917603566469114 4.80960070529718e-07 0.0091744281216269
0.373411534701857 0.00917629440713339 5.55815425778289e-07 0.00917443626294891
0.374389051808407 0.00917659342241285 6.42332696683162e-07 0.00917444567328199
0.375366568914956 0.00917693898467505 7.42328445695419e-07 0.00917445655015019
0.376344086021505 0.00917733834537789 8.57902184326481e-07 0.00917446912185113
0.377321603128055 0.00917779988551815 9.91480443003785e-07 0.00917448365224801
0.378299120234604 0.00917833329156788 1.14586770778537e-06 0.00917450044630961
0.379276637341153 0.00917894975881352 1.32430528464997e-06 0.00917451985651623
0.380254154447703 0.00917966222636451 1.53053933422059e-06 0.00917454229025877
0.381231671554252 0.00918048564876309 1.76889949849958e-06 0.00917456821838576
0.382209188660802 0.00918143730989606 2.04438977565255e-06 0.00917459818509711
0.383186705767351 0.00918253718579476 2.3627935390261e-06 0.0091746328193638
0.3841642228739 0.00918380836393362 2.73079490788582e-06 0.00917467284813451
0.38514173998045 0.00918527752782554 3.15611901825303e-06 0.00917471911159156
0.386119257086999 0.00918697551707929 3.64769412617702e-06 0.00917477258079296
0.387096774193548 0.00918893797466459 4.21583894289005e-06 0.00917483437805592
0.388074291300098 0.00919120609495828 4.87247912679033e-06 0.00917490580051411
0.389051808406647 0.00919382748825708 5.63139746830087e-06 0.00917498834734351
0.390029325513196 0.00919685717987922 6.50852299783467e-06 0.00917508375123372
0.391006842619746 0.00920035876479452 7.52226507322876e-06 0.00917519401475426
0.391984359726295 0.00920440574197498 8.6938994243618e-06 0.00917532145238194
0.392961876832845 0.00920908305641491 1.00480142306737e-05 0.00917546873907715
0.393939393939394 0.00921448888111017 1.16130255448462e-05 0.00917563896642318
0.394916911045943 0.00922073667629267 1.34217728147619e-05 0.00917583570749867
0.395894428152493 0.00922795756899919 1.5512206918847e-05 0.00917606309185515
0.396871945259042 0.00923630310272777 1.79281850427081e-05 0.00917632589215804
0.397849462365591 0.00924594841463828 2.0720388935882e-05 0.00917662962432183
0.398826979472141 0.00925709590663716 2.39473855982575e-05 0.00917698066321285
0.39980449657869 0.00926997948693044 2.76768524004572e-05 0.00917738637636627
0.400782013685239 0.0092848694704502 3.19869919832606e-05 0.00917785527849133
0.401759530791789 0.00930207824016825 3.69681661289657e-05 0.00917839721001453
0.402737047898338 0.00932196678700151 4.27247822612936e-05 0.0091790235433759
0.403714565004888 0.00934495226406717 4.93774712602804e-05 0.00917974742139242
0.404692082111437 0.00937151671182884 5.70656011607301e-05 0.0091805840326544
0.405669599217986 0.00940221713456829 6.5950177889017e-05 0.00918155092970408
0.406647116324536 0.00943769713606582 7.62171918449729e-05 0.00918266839659985
0.407624633431085 0.00947870035388024 8.80814777397074e-05 0.00918395987351689
0.408602150537634 0.00952608596774447 0.000101791164981882 0.0091854524471973
0.409579667644184 0.00958084659895052 0.000117632806987292 0.00918717741739311
0.410557184750733 0.00964412896488159 0.000135937290413613 0.00918917095101695
0.411534701857283 0.00971725770680149 0.000157086639405332 0.00919147483748379
0.412512218963832 0.00980176287044856 0.000181521845796553 0.00919413736076556
0.413489736070381 0.00989941158875772 0.000209751873724473 0.00919721430603427
0.414467253176931 0.010012244595041 0.000242364006535735 0.00920077012141567
0.41544477028348 0.0101426182840946 0.000280035724935662 0.00920487925848072
0.416422287390029 0.0102932531388298 0.000323548328204566 0.00920962771853747
0.417399804496579 0.0104672894518972 0.00037380253434756 0.0092151148358118
0.418377321603128 0.0106683513959755 0.00043183632020125 0.00922145533305555
0.419354838709677 0.0109006206331707 0.000498845287498199 0.00922878169025977
0.420332355816227 0.0111689208030729 0.000576205864995373 0.00923724687287702
0.421309872922776 0.0114788143894987 0.000665501677795498 0.00924702747240256
0.422287390029326 0.0118367136357367 0.000768553430761985 0.00925832731935595
0.423264907135875 0.0122500073537174 0.000887452659658837 0.00927138163666993
0.424242424242424 0.0127272056482902 0.00102459969668874 0.00928646181027361
0.425219941348974 0.0132781047453082 0.00118274616972951 0.0093038808631518
0.426197458455523 0.0139139742591606 0.00136504229804038 0.00932399972941969
0.427174975562072 0.0146477693444464 0.00157508914988365 0.0093472344357298
0.428152492668622 0.0154943702235572 0.00181699587412827 0.00937406430843446
0.429130009775171 0.0164708515343577 0.00209544168894003 0.00940504133603103
0.43010752688172 0.0175967837561452 0.00241574208132134 0.00944080082686801
0.43108504398827 0.0188945685899754 0.00278391821053194 0.00948207351128636
0.432062561094819 0.0203898095164503 0.00320676787873417 0.00952969924401088
0.433040078201369 0.0221117177347888 0.00369193558864095 0.00958464246541804
0.434017595307918 0.0240935521818981 0.00424797809929093 0.00964800957721734
0.434995112414467 0.0263730901929252 0.00488442046159076 0.00972106837644342
0.435972629521017 0.0289931224207733 0.00561179570878821 0.00980526966832978
0.436950146627566 0.0320019616802544 0.00644165914540054 0.00990227113923034
0.437927663734115 0.0354539502022274 0.00738656549385269 0.0100139635101914
0.438905180840665 0.0394099431491016 0.00845999403485653 0.01014249890388
0.439882697947214 0.043937737953448 0.00967620340020835 0.0102903212350794
0.440860215053763 0.0491124089626713 0.0110499940421723 0.0104601982699916
0.441837732160313 0.0550164950086206 0.0125963529745323 0.0106552547837708
0.442815249266862 0.0617399741113798 0.0143299527484645 0.0108790059714927
0.443792766373412 0.0693799451781024 0.0162644756792558 0.0111353899292609
0.444770283479961 0.0780399224071325 0.0184117363150785 0.011428797617832
0.44574780058651 0.0878286360016866 0.0207805816377307 0.0117640982561097
0.44672531769306 0.0988582254622657 0.0233755614015495 0.0121466575822325
0.447702834799609 0.111241712868551 0.0261953823242624 0.0125823458964553
0.448680351906158 0.125089657809446 0.0292311911722009 0.0130775323132606
0.449657869012708 0.140505928195405 0.0324647737314947 0.0136390612734492
0.450635386119257 0.157582577160498 0.0358668078458424 0.0142742071981972
0.451612903225806 0.17639389928784 0.0393953646664131 0.0149906033244936
0.452590420332356 0.196989849913556 0.0429949044861269 0.0157961413732656
0.453567937438905 0.219389144362798 0.0465960491212669 0.0166988398856689
0.454545454545455 0.24357249734854 0.0501164154431318 0.0177066808972715
0.455522971652004 0.26947659566676 0.0534627475100159 0.0188274171037699
0.456500488758553 0.296989491452144 0.0565344754626605 0.0200683546893162
0.457478005865103 0.325948126609446 0.0592286565485326 0.0214361202799496
0.458455522971652 0.356138622950111 0.061446032921021 0.0229364236460568
0.459433040078201 0.387299781071247 0.0630977073528748 0.0245738302985326
0.460410557184751 0.41912992996665 0.0641117425891802 0.02635155946827
0.4613880742913 0.451296891748346 0.0644388879236686 0.0282713226855128
0.462365591397849 0.483450429840308 0.0640566701486797 0.0303332160609085
0.463343108504399 0.515236207141017 0.0629712680439945 0.032535675503857
0.464320625610948 0.546310062235979 0.0612168936736446 0.0348754989265806
0.465298142717498 0.576351363591723 0.0588527682165061 0.037347933682052
0.466275659824047 0.605074334221254 0.0559581248234619 0.0399468219132944
0.467253176930596 0.632236523466803 0.0526259220689413 0.0426647919440362
0.468230694037146 0.657643978442146 0.0489560629055576 0.0454934808918463
0.469208211143695 0.681153062014091 0.0450488785654446 0.0484237725869151
0.470185728250244 0.702669209527083 0.0409994834432579 0.0514460355465103
0.471163245356794 0.72214316598203 0.0368933864893247 0.0545503478282587
0.472140762463343 0.739565379442261 0.0328035119898114 0.0577266985514699
0.473118279569892 0.75495925070994 0.0287885820441681 0.0609651591930184
0.474095796676442 0.768373877102662 0.0248926703127071 0.0642560209654532
0.475073313782991 0.779876810807243 0.0211456585526597 0.0675898973367275
0.476050830889541 0.789547210748302 0.0175643066898552 0.0709577928706943
0.47702834799609 0.797469626233191 0.0141536685753656 0.074351141006448
0.478005865102639 0.803728527660726 0.010908632265396 0.0777618142030112
0.478983382209189 0.808403603142853 0.00781542099211884 0.0811821101631765
0.479960899315738 0.811565772492599 0.00485294846222913 0.0846047177518608
0.480938416422287 0.813273830050208 0.00199397362942381 0.0880226658753204
0.481915933528837 0.813571611537217 -0.000793956776496642 0.0914292581099288
0.482893450635386 0.81248558331817 -0.00354775474510209 0.094817995364613
0.483870967741935 0.810022771385696 -0.0063081748896371 0.0981824884121573
0.484848484848485 0.806168979346077 -0.00911926006345046 0.101516361798078
0.485826001955034 0.800887288045568 -0.0120277511695545 0.104813150488166
0.486803519061584 0.7941168834795 -0.0150823427908867 0.108066190697629
0.487781036168133 0.785772323838375 -0.0183326464312429 0.111268506703972
0.488758553274682 0.775743430054009 -0.0218277063419833 0.114412696127183
0.489736070381232 0.763896064461793 -0.0256139037855169 0.117490817201544
0.490713587487781 0.750074143494763 -0.029732092168258 0.120494282981589
0.49169110459433 0.734103302036319 -0.034213839512192 0.123413769200779
0.49266862170088 0.71579667180814 -0.0390767312373117 0.126239144550936
0.493646138807429 0.694963228671021 -0.0443188212761498 0.128959434289124
0.494623655913978 0.671419071340722 -0.0499125253086223 0.131562829986468
0.495601173020528 0.645001780736678 -0.055798526098696 0.134036759428363
0.496578690127077 0.615587644626779 -0.0618805830198836 0.136368030517129
0.497556207233627 0.58311100693444 -0.0680224450864073 0.138543060778289
0.498533724340176 0.54758434646578 -0.0740482564191477 0.140548199039195
0.499511241446725 0.509116997435016 -0.0797477811069788 0.142370137628293
0.500488758553275 0.467929853300248 -0.0848873324159763 0.143996402221345
0.501466275659824 0.424363155385019 -0.0892264098242554 0.145415893302083
0.502443792766373 0.378874764954068 -0.0925388085192509 0.146619440172169
0.503421309872923 0.332027271779525 -0.0946356353240729 0.14760031839503
0.504398826979472 0.284463850445512 -0.0953866557952295 0.148354677517554
0.505376344086022 0.236874667000463 -0.0947361359110171 0.148881830138181
0.506353861192571 0.189957416397921 -0.0927100728441473 0.149184366403863
0.50733137829912 0.144376747160436 -0.0894133379181767 0.149268078081747
0.50830889540567 0.100727554547472 -0.0850173330937146 0.149141699696257
0.509286412512219 0.059506328832292 -0.0797406543072547 0.148816496081229
0.510263929618768 0.0210931723011283 -0.0738264038239352 0.148305741746686
0.511241446725318 -0.014254802187812 -0.0675199452177801 0.147624145082151
0.512218963831867 -0.0463997221316182 -0.0610501613480424 0.146787269274537
0.513196480938416 -0.0753111176593976 -0.0546160305502552 0.145810993597107
0.514173998044966 -0.101048830030676 -0.048379018953744 0.144711046295571
0.515151515151515 -0.123743471482043 -0.0424607352587039 0.143502626703481
0.516129032258065 -0.143576789232621 -0.0369446666350831 0.142200121905122
0.517106549364614 -0.160763627411755 -0.0318806032291222 0.140816913699087
0.518084066471163 -0.175536498808758 -0.0272904563210682 0.139365265304432
0.519061583577713 -0.188133193682568 -0.0231744440776483 0.137856273976094
0.520039100684262 -0.198787420086395 -0.0195169408285866 0.136299874835291
0.521016617790811 -0.207722194440834 -0.016291582548027 0.134704882021595
0.521994134897361 -0.215145558711702 -0.0134654542835077 0.133079055039382
0.52297165200391 -0.221248156465934 -0.0110023456784221 0.131429180352384
0.523949169110459 -0.226202219514945 -0.00886515660071651 0.129761160496042
0.524926686217009 -0.230161571205356 -0.0070175814102064 0.128080104999841
0.525904203323558 -0.233262321035832 -0.00542521344639945 0.126390419129654
0.526881720430108 -0.235623994913936 -0.00405620427966168 0.124695887841346
0.527859237536657 -0.237350908590885 -0.00288159501452202 0.122999753397743
0.528836754643206 -0.238533645280283 -0.00187541601154476 0.121304785882326
0.529814271749756 -0.239250541413663 -0.00101463070081439 0.11961334639425
0.530791788856305 -0.23956911759273 -0.000278980711417708 0.117927443079932
0.531769305962854 -0.239547416426804 0.000349225862879267 0.116248780390306
0.532746823069404 -0.239235226659078 0.000885353516366218 0.114578802086971
0.533724340175953 -0.238675185290372 0.001342685588057 0.112918728583889
0.534701857282502 -0.237903757619283 0.00173266463456509 0.111269589226814
0.535679374389052 -0.236952100317434 0.00206511892314249 0.109632250097012
0.536656891495601 -0.235846815704834 0.00234847063796458 0.108007437891143
0.537634408602151 -0.234610606939345 0.00258992384905583 0.106395760384156
0.5386119257087 -0.233262844374451 0.00279563191612894 0.104797723932443
0.539589442815249 -0.231820053226597 0.00297084502321929 0.103213748424298
0.540566959921799 -0.230296332180343 0.00312003914247919 0.10164418003629
0.541544477028348 -0.228703711822261 0.00324702803873219 0.100089302108888
0.542521994134897 -0.227052460952149 0.0033550600470128 0.0985493444134754
0.543499511241447 -0.225351347950885 0.00344690135165267 0.097024491045817
0.544477028347996 -0.223607863537463 0.00352490741608159 0.0955148871482826
0.545454545454545 -0.221828410452459 0.00359108409024799 0.0940206446342942
0.546432062561095 -0.220018464876892 0.00364713977993207 0.0925418470633928
0.547409579667644 -0.218182713740485 0.00369452991347525 0.0910785537936517
0.548387096774194 -0.216325171492175 0.00373449479595075 0.089630803519423
0.549364613880743 -0.214449279395434 0.00376809180376071 0.0881986172863471
0.550342130987292 -0.212557989966372 0.00379622274694247 0.0867820010618255
0.551319648093842 -0.210653838787775 0.00381965711346497 0.0853809479274125
0.552297165200391 -0.208739005600671 0.00383905180940098 0.0839954399496076
0.55327468230694 -0.206815366290614 0.00385496792080341 0.0826254497769723
0.55425219941349 -0.204884537142584 0.00386788494639971 0.0812709420043257
0.555229716520039 -0.202947912530841 0.00387821288381374 0.079931874338572
0.556207233626588 -0.201006697033374 0.00388630249495626 0.0786081985955463
0.557184750733138 -0.199061932810313 0.00389245402715493 0.0772998615528088
0.558162267839687 -0.197114522958148 0.0038969246247782 0.0760068056796169
0.559139784946237 -0.195165251443375 0.003899934630438 0.0747289697620352
0.560117302052786 -0.193214800127423 0.00390167294444209 0.0734662894385484
0.561094819159335 -0.191263763317044 0.00390230158542398 0.0722186976591936
0.562072336265885 -0.189312660208457 0.00390195957321185 0.0709861250792898
0.563049853372434 -0.1873619455378 0.00390076623643654 0.0697685003972128
0.564027370478983 -0.185412018703201 0.00389882403171567 0.0685657506442724
0.565004887585533 -0.183463231583814 0.00389622094793362 0.0673778014335328
0.565982404692082 -0.181515895247226 0.00389303255793951 0.0662045771734331
0.566959921798632 -0.179570285708005 0.00388932377044165 0.0650460012511967
0.567937438905181 -0.177626648875767 0.00388515032685684 0.0639019961902977
0.56891495601173 -0.175685204810549 0.00388056008106553 0.0627724837856213
0.56989247311828 -0.173746151385763 0.00387559409425937 0.0616573852194427
0.570869990224829 -0.171809667444169 0.00387028757221507 0.0605566211608772
0.571847507331378 -0.169875915519695 0.00386467066819825 0.0594701118510981
0.572825024437928 -0.167945044187222 0.00385876917120687 0.0583977771762639
0.573802541544477 -0.166017190093368 0.00385260509631234 0.0573395367298467
0.574780058651026 -0.164092479713559 0.0038461971913591 0.0562953098657802
0.575757575757576 -0.162171030874097 0.00383956137215084 0.0552650157436866
0.576735092864125 -0.160252954072317 0.00383271109645308 0.0542485733672231
0.577712609970675 -0.158338353623194 0.00382565768561317 0.0532459016164753
0.578690127077224 -0.156427328656628 0.00381841060131146 0.0522569192751569
0.579667644183773 -0.15451997398623 0.00381097768383794 0.0512815450533329
0.580645161290323 -0.152616380867421 0.00380336535737331 0.0503196976062045
0.581622678396872 -0.150716637660164 0.00379557880692892 0.0493712955494835
0.582600195503421 -0.148820830409453 0.00378762213095927 0.0484362574717793
0.583577712609971 -0.146929043354865 0.00377949847304643 0.0475145019443741
0.58455522971652 -0.145041359378878 0.00377121013559247 0.0466059475287042
0.585532746823069 -0.143157860402312 0.00376275867801484 0.0457105127818312
0.586510263929619 -0.141278627734092 0.00375414500160756 0.0448281162601383
0.587487781036168 -0.139403742381531 0.00374536942289393 0.0439586765214634
0.588465298142718 -0.137533285326463 0.00373643173707372 0.0431021121258496
0.589442815249267 -0.13566733777186 0.00372733127289957 0.0422583416350641
0.590420332355816 -0.133805981362892 0.00371806694017939 0.0414272836110195
0.591397849462366 -0.131949298385877 0.00370863727089183 0.0406088566132224
0.592375366568915 -0.130097371948075 0.0036990404547941 0.0398029791953485
0.593352883675464 -0.128250286140911 0.00368927437025523 0.0390095699010254
0.594330400782014 -0.126408126188824 0.00367933661098762 0.0382285472588958
0.595307917888563 -0.124570978585671 0.00366922450919828 0.0374598297770546
0.596285434995112 -0.122738931220337 0.00365893515568111 0.0367033359368749
0.597262952101662 -0.120912073492985 0.00364846541723555 0.0359589841863182
0.598240469208211 -0.11909049642318 0.00363781195180143 0.0352266929327282
0.599217986314761 -0.117274292750955 0.0036269712216016 0.0345063805351823
0.60019550342131 -0.115463557031746 0.00361593950459 0.0337979652964126
0.601173020527859 -0.113658385725972 0.00360471290442316 0.0331013654543397
0.602150537634409 -0.111858877283958 0.00359328735918618 0.0324164991732198
0.603128054740958 -0.110065132226766 0.00358165864903202 0.0317432845344682
0.604105571847507 -0.108277253223445 0.00356982240292426 0.0310816395271366
0.605083088954057 -0.106495345165101 0.00355777410460288 0.0304314820380856
0.606060606060606 -0.104719515236155 0.00354550909790412 0.0297927298418649
0.607038123167155 -0.102949872983079 0.00353302259155423 0.0291653005903041
0.608015640273705 -0.10118653038084 0.00352030966354142 0.0285491118018497
0.608993157380254 -0.0994296018972555 0.00350736526512502 0.0279440808506329
0.609970674486804 -0.0976792045554017 0.00349418422461089 0.027350124955291
0.610948191593353 -0.0959354579941969 0.00348076125091886 0.0267671611675666
0.611925708699902 -0.0941984845272198 0.0034670909370547 0.026195106360656
0.612903225806452 -0.0924684091998168 0.00345316776350669 0.0256338772173683
0.613880742913001 -0.0907453598445086 0.00343898610166268 0.0250833902180516
0.61485826001955 -0.0890294671346795 0.0034245402172637 0.0245435616283328
0.6158357771261 -0.0873208646365112 0.00340982427398799 0.024014307486667
0.616813294232649 -0.0856196888590901 0.00339483233717307 0.0234955435917003
0.617790811339198 -0.0839260793026051 0.00337955837774746 0.0229871854894629
0.618768328445748 -0.0822401785045183 0.00336399627640808 0.0224891484604044
0.619745845552297 -0.0805621320835765 0.00334813982809104 0.0220013475062673
0.620723362658847 -0.0788920887815081 0.00333198274676159 0.0215236973368437
0.621700879765396 -0.0772302005022309 0.003315518670594 0.0210561123565777
0.622678396871945 -0.07557662234837 0.00329874116755001 0.0205985066510623
0.623655913978495 -0.0739315126548754 0.00328164374141509 0.020150793973447
0.624633431085044 -0.0722950330194998 0.00326421983832248 0.0197128877307463
0.625610948191593 -0.0706673483298833 0.00324646285381239 0.0192847009700732
0.626588465298143 -0.0690486267869694 0.00322836614044961 0.018866146364831
0.627565982404692 -0.0674390399244619 0.00320992301605257 0.0184571362008608
0.628543499511241 -0.065838762624008 0.00319112677256098 0.0180575823625781
0.629521016617791 -0.0642479731257813 0.00317197068558105 0.0176673963191093
0.63049853372434 -0.0626668530341134 0.00315244802464371 0.0172864891104565
0.63147605083089 -0.0610955873178129 0.00313255206420861 0.016914771333712
0.632453567937439 -0.0595343643047872 0.00311227609545287 0.0165521531293548
0.633431085043988 -0.0579833756705681 0.00309161343887045 0.0161985441676418
0.634408602150538 -0.0564428164203288 0.00307055745771431 0.0158538536351411
0.635386119257087 -0.0549128848639624 0.00304910157231295 0.0155179902214213
0.636363636363636 -0.0533937825837775 0.00302723927528635 0.0151908621059452
0.637341153470186 -0.0518857143943567 0.00300496414768863 0.0148723769451899
0.638318670576735 -0.0503888882941082 0.00298226987609029 0.0145624418600295
0.639296187683284 -0.0489035154080346 0.00295915027063245 0.0142609634234384
0.640273704789834 -0.0474298099212317 0.00293559928405638 0.0139678476485367
0.641251221896383 -0.0459679890026228 0.00291161103172987 0.013682999977019
0.642228739002933 -0.0445182727184333 0.00288717981266575 0.0134063252680347
0.643206256109482 -0.0430808839349027 0.00286230013154736 0.0131377277875354
0.644183773216031 -0.0416560482097356 0.00283696672175114 0.0128771111981725
0.645161290322581 -0.0402439936717925 0.00281117456936131 0.0126243785497606
0.64613880742913 -0.03884495088853 0.00278491893815444 0.0123794322703972
0.647116324535679 -0.037459152720707 0.00275819539554704 0.0121421741582621
0.648093841642229 -0.0360868341638861 0.00273099983946064 0.0119125053741791
0.649071358748778 -0.034728232176276 0.00270332852608888 0.0116903264349785
0.650048875855327 -0.0333835854924789 0.00267517809849954 0.0114755372077437
0.651026392961877 -0.0320531344227347 0.00264654561603814 0.0112680369049806
0.652003910068426 -0.0307371206372773 0.00261742858446294 0.0110677240808002
0.652981427174976 -0.0294357869354538 0.00258782498674664 0.0108744966281568
0.653958944281525 -0.0281493769992961 0.00255773331445183 0.0106882517772218
0.654936461388074 -0.0268781351312749 0.00252715259960957 0.0105088860949644
0.655913978494624 -0.025622305976013 0.00249608244698427 0.0103362954860014
0.656891495601173 -0.0243821342257907 0.00246452306662508 0.0101703751947796
0.657869012707722 -0.0231578643097288 0.00243247530657859 0.010011019809185
0.658846529814272 -0.0219497400666041 0.00239994068562678 0.00985812326561112
0.659824046920821 -0.0207580044013153 0.00236692142592215 0.00971157885560511
0.66080156402737 -0.0195828989250905 0.00233342048535801 0.00957127923410827
0.66177908113392 -0.0184246635796109 0.00229944158950928 0.00943711642940183
0.662756598240469 -0.017283536245304 0.00226498926298137 0.00930898185479822
0.663734115347019 -0.0161597523341481 0.00223006885998682 0.00918676632216662
0.664711632453568 -0.0150535443674231 0.00219468659395079 0.00907036005732056
0.665689149560117 -0.0139651415389393 0.00215884956595992 0.00895965271737416
0.666666666666667 -0.0128947692643764 0.00212256579183895 0.00885453341008581
0.667644183773216 -0.0118426487174662 0.00208584422766314 0.00875489071526304
0.668621700879765 -0.0108089963538589 0.00204869479347837 0.00866061270827199
0.669599217986315 -0.00979402342362118 0.00201112839500882 0.00857158698569838
0.670576735092864 -0.00879793547342998 0.00197315694314407 0.0084877006932072
0.671554252199413 -0.00782093183962046 0.00193479337098317 0.00840884055562889
0.672531769305963 -0.0068632051333749 0.00189605164820219 0.0083348929092949
0.673509286412512 -0.00592494071943443 0.00185694679255171 0.00826574373667102
0.674486803519062 -0.00500631618983385 0.00181749487823673 0.00820127870326771
0.675464320625611 -0.00410750083425687 0.00177771304101989 0.00814138319688035
0.67644183773216 -0.00322865510871057 0.00173761947980694 0.00808594236911316
0.67741935483871 -0.00236993010432173 0.00169723345454819 0.00803484117922119
0.678396871945259 -0.00153146701814028 0.00165657528027542 0.00798796444022549
0.679374389051808 -0.000713396627924099 0.00161566631711742 0.00794519686729641
0.680351906158358 8.41612270464469e-05 0.00157452895614243 0.00790642312835415
0.681329423264907 0.000861098157007812 0.00153318660090914 0.00787152789685982
0.682306940371456 0.00161731772242759 0.00149166364460328 0.00784039590672369
0.683284457478006 0.00235273592217506 0.00144998544271287 0.00781291200929561
0.684261974584555 0.0030672816668897 0.00140817828113479 0.00778896123232537
0.685239491691105 0.00376089723526184 0.00136626933971661 0.0077684288408422
0.686217008797654 0.00443353871093621 0.00132428665120607 0.00775120039984509
0.687194525904203 0.00508517639775067 0.00128225905564798 0.00773716183870012
0.688172043010753 0.00571579521103823 0.00124021615025208 0.00772619951712296
0.689149560117302 0.00632539504275546 0.00119818823484684 0.00771820029263898
0.690127077223851 0.0069139910982497 0.00115620625300246 0.00771305158936714
0.691104594330401 0.00748161420254097 0.00111430172899282 0.00771064146799451
0.69208211143695 0.00802831107407374 0.00107250670074576 0.00771085869678428
0.6930596285435 0.0085541445639906 0.00103085364901593 0.00771359282345698
0.694037145650049 0.00905919385908992 0.000989375422992059 0.0077187342477677
0.695014662756598 0.00954355464675767 0.000948105162631727 0.00772617429461626
0.695992179863148 0.0100073392403024 0.000907076217991082 0.00773580528748398
0.696969696969697 0.0104506766632779 0.000866322065903845 0.00774752062202962
0.697947214076246 0.0108737126915492 0.000825876224332818 0.00776121483963075
0.698924731182796 0.0112766098520344 0.000785772164787919 0.00777678370067652
0.699902248289345 0.011659547377248 0.0007460432231823 0.00779412425741059
0.700879765395894 0.0120227211149746 0.000706722509563512 0.00781313492610293
0.701857282502444 0.0123663433926089 0.000667842817124988 0.00783371555836726
0.702834799608993 0.0126906428359191 0.000629436530961329 0.00785576751138905
0.703812316715543 0.0129958641422125 0.000591535536994303 0.00787919371686632
0.704789833822092 0.0132822678081066 0.000554171131549303 0.00790389874846315
0.705767350928641 0.0135501298123418 0.00051737393201986 0.00792978888754998
0.706744868035191 0.0137997412542998 0.000481173789104179 0.00795677218705234
0.70772238514174 0.0140314079491206 0.000445599701033265 0.00798475853319272
0.708699902248289 0.014245449980533 0.000410679730275555 0.00801365970494864
0.709677419354839 0.0144422012127386 0.000376440923115633 0.00804338943102556
0.710654936461388 0.0146220087628998 0.000342909232557355 0.00807386344418773
0.711632453567937 0.0147852324359864 0.000310109444924604 0.00810499953275874
0.712609970674487 0.0149322441239323 0.00027806511055821 0.00813671758915007
0.713587487781036 0.0150634271712344 0.000246798478946329 0.008168939655255
0.714565004887586 0.0151791757092994 0.000216330438638294 0.0082015899645784
0.715542521994135 0.0152798939619979 0.000186680462203398 0.00823459498097467
0.716520039100684 0.0153659955250214 0.000157866556528408 0.00826788343387774
0.717497556207234 0.0154379026217665 0.00012990521866399 0.00830138634993174
0.718475073313783 0.015496045338577 0.000102811397434894 0.00833503708092456
0.719452590420332 0.0155408608422568 7.65984609410859e-05 0.00836877132795809
0.720430107526882 0.0155727925828385 5.1278170093127e-05 0.00840252716179469
0.721407624633431 0.0155922894846422 2.68606582490751e-05 0.008436245039334
0.72238514173998 0.0155998051286896 3.3544169977973e-06 0.00846986781620057
0.72336265884653 0.0155957969295429 -1.92337119189012e-05 0.00850334075540988
0.724340175953079 0.0155807253096437 -4.08985385456214e-05 0.00853661153212515
0.725317693059629 0.015555052874187 -6.1636520645194e-05 0.00856963023451719
0.726295210166178 0.015519243589527 -8.14457536602156e-05 0.00860234936074868
0.727272727272727 0.0154737619680464 -0.000100325954927883 0.00863472381213198
0.728250244379277 0.0154190722623372 -0.00011827844224225 0.00866671088251319
0.729227761485826 0.0153556376714613 -0.000135306107020546 0.00869827024394657
0.730205278592375 0.0152839195619294 -0.000151413382296058 0.00872936392874552
0.731182795698925 0.0152043767059276 -0.000166606205785218 0.00875995630800064
0.732160312805474 0.0151174645391791 -0.0001808919783226 0.00879001406665717
0.733137829912023 0.0150236344406848 -0.000194279517972455 0.00881950617529452
0.734115347018573 0.0149233330364253 -0.000206779010114307 0.0088484038586936
0.735092864125122 0.0148170015289554 -0.000218401953852473 0.00887668056135047
0.736070381231672 0.0147050750546396 -0.000229161105098282 0.00890431191006889
0.737047898338221 0.0145879820701049 -0.000239070416679241 0.0089312756737754
0.73802541544477 0.0144661437693114 -0.00024814497581582 0.00895755172071701
0.73900293255132 0.0143399735324598 -0.000256400939367068 0.00898312197319281
0.739980449657869 0.0142098764077619 -0.000263855467177797 0.00900797035999606
0.740957966764418 0.0140762486269407 -0.000270526653888853 0.00903208276671169
0.741935483870968 0.0139394771551249 -0.000276433459598875 0.00905544698406529
0.742913000977517 0.0137999392756391 -0.00028159563968054 0.00907805265447341
0.743890518084066 0.0136580022100124 -0.000286033674147431 0.00909989121698801
0.744868035190616 0.0135140227733602 -0.000289768696841761 0.00912095585079124
0.745845552297165 0.0133683470651425 -0.000292822424801887 0.00914124141741991
0.746823069403715 0.0132213101951343 -0.000295217088089094 0.00916074440189672
0.747800586510264 0.0130732360443044 -0.000296975360372589 0.00917946285292775
0.748778103616813 0.0129244370601608 -0.000298120290524699 0.009197396322345
0.749755620723363 0.0127752140859892 -0.000298675235494538 0.00921454580395125
0.750733137829912 0.0126258562232874 -0.000298663794680368 0.00923091367192428
0.751710654936461 0.0124766407265991 -0.000298109746000373 0.00924650361894244
0.752688172043011 0.0123278329298391 -0.00029703698388459 0.00926132059418243
0.75366568914956 0.0121796862031121 -0.000295469459335663 0.00927537074133719
0.754643206256109 0.0120324419389498 -0.000293431122215357 0.0092886613367884
0.755620723362659 0.0118863295668215 -0.000290945865890514 0.00930120072806628
0.756598240469208 0.0117415665947054 -0.000288037474356009 0.00931299827274426
0.757575757575758 0.0115983586764622 -0.000284729571918331 0.00932406427786087
0.758553274682307 0.0114568997037095 -0.000281045575523434 0.00933440994001321
0.759530791788856 0.0113173719208584 -0.000277008649780919 0.00934404728621146
0.760508308895406 0.0111799460619558 -0.000272641664729302 0.00935298911560432
0.761485826001955 0.0110447815079532 -0.000267967156363909 0.0093612489421714
0.762463343108504 0.0109120264630191 -0.00026300728993536 0.00936884093846527
0.763440860215054 0.0107818181485103 -0.000257783826013191 0.00937577988048334
0.764418377321603 0.0106542830132221 -0.000252318089305115 0.00938208109376741
0.765395894428152 0.0105295369585499 -0.00024663094018088 0.00938776040074971
0.766373411534702 0.0104076855772168 -0.000240742748881956 0.00939283406946204
0.767350928641251 0.0102888244042402 -0.000234673372342227 0.00939731876361981
0.768328445747801 0.0101730391788436 -0.000228442133577664 0.00940123149415075
0.76930596285435 0.0100604061160484 -0.000222067803563359 0.00940458957220734
0.770283479960899 0.00995099218672109 -0.000215568585523581 0.0094074105636896
0.771260997067449 0.00984485540488897 -0.000208962101548615 0.00940971224531553
0.772238514173998 0.0097420451211828 -0.000202265381461462 0.00941151256226476
0.773216031280547 0.00964260232130531 -0.000195494853826555 0.00941282958740674
0.774193548387097 0.00954655992847788 -0.000188666339015144 0.00941368148213623
0.775171065493646 0.00945394310886168 -0.000181795044224328 0.00941408645881441
0.776148582600195 0.00936476957900167 -0.000174895560349071 0.00941406274483126
0.777126099706745 0.00927904991439227 -0.000167981860609445 0.00941362854827923
0.778103616813294 0.00919678785831227 -0.00016106730082477 0.00941280202524246
0.779081133919844 0.00911798063013256 -0.000154164621235189 0.00941160124867747
0.780058651026393 0.00904261923234471 -0.000147285949777814 0.00941004417890588
0.781036168132942 0.00897068875561502 -0.000140442806693513 0.00940814863565924
0.782013685239492 0.00890216868121414 -0.000133646110399861 0.00940593227169729
0.782991202346041 0.00883703318022293 -0.000126906184498054 0.00940341254795609
0.78396871945259 0.00877525140896361 -0.000120232765850401 0.00940060671021156
0.78494623655914 0.00871678780014927 -0.000113635013612971 0.00939753176723029
0.785923753665689 0.00866160234929215 -0.000107121519153734 0.00939420447037677
0.786901270772238 0.00860965089595421 -0.000100700316751403 0.00939064129464916
0.787878787878788 0.00856088539946476 -9.43788950147849e-05 0.00938685842111885
0.788856304985337 0.00851525420877088 -8.81642089198464e-05 0.00938287172071879
0.789833822091887 0.00847270232612432 -8.20626924150073e-05 0.00937869673937589
0.790811339198436 0.00843317166434398 -7.60802714984272e-05 0.00937434868442838
0.791788856304985 0.00839660129743315 -7.02223777168909e-05 0.0093698424123018
0.792766373411535 0.00836292770435561 -6.44939620143849e-05 0.00936519241740009
0.793743890518084 0.00833208500581383 -5.88995088713321e-05 0.00936041282218271
0.794721407624633 0.00830400519389504 -5.34430506789358e-05 0.00935551736837412
0.795698924731183 0.00827861835448459 -4.81281822928999e-05 0.00935051940929584
0.796676441837732 0.00825585288236709 -4.29580757149335e-05 0.00934543190323223
0.797653958944281 0.00823563568896313 -3.79354948668744e-05 0.00934026740784773
0.798631476050831 0.00821789240266758 -3.30628103986349e-05 0.00933503807556822
0.79960899315738 0.00820254756178299 -2.83420144968561e-05 0.00932975564991909
0.80058651026393 0.00818952480005344 -2.37747356667192e-05 0.0093244314627684
0.801564027370479 0.00817874702482533 -1.93622534374399e-05 0.00931907643242935
0.802541544477028 0.00817013658787819 -1.51055129729154e-05 0.00931370106259594
0.803519061583578 0.00816361544898091 -1.10051395525981e-05 0.00930831544207403
0.804496578690127 0.0081591053322463 -7.06145289547643e-06 0.00930292924524987
0.805474095796676 0.00815652787536399 -3.27448131968446e-06 0.0092975517332913
0.806451612903226 0.00815580477180312 3.56024304752785e-07 0.00929219175601298
0.807429130009775 0.00815685790609364 3.8305768175124e-06 0.00928685775439395
0.808406647116324 0.00815960948229152 7.1499392523607e-06 0.00928155776369484
0.809384164222874 0.00816398214575054 1.03151115770314e-05 0.00927629941715856
0.810361681329423 0.00816989909832566 1.33273176831202e-05 0.00927108995023502
0.811339198435973 0.00817728420714017 1.61879926514798e-05 0.00926593620532744
0.812316715542522 0.00818606210705269 1.88987702905228e-05 0.00926084463700117
0.813294232649071 0.00819615829696652 2.14614709654094e-05 0.00925582131763969
0.814271749755621 0.00820749923012443 2.38780897134752e-05 0.00925087194350392
0.81524926686217 0.0082200123985371 2.6150784663616e-05 0.00924600184118973
0.81622678396872 0.00823362641169638 2.8281865756596e-05 0.009241215974422
0.817204301075269 0.00824827106972343 3.02737837655587e-05 0.00923651895118409
0.818181818181818 0.00826387743110562 3.21291196292115e-05 0.00923191503113366
0.819159335288368 0.00828037787517634 3.3850574092528e-05 0.00922740813330354
0.820136852394917 0.00829770615949279 3.54409576557433e-05 0.00922300184403069
0.821114369501466 0.00831579747226415 3.69031808291704e-05 0.00921869942512231
0.822091886608016 0.00833458847998617 3.82402447018502e-05 0.0092145038222048
0.823069403714565 0.00835401737043571 3.94552318130214e-05 0.00921041767326073
0.824046920821114 0.00837402389117811 4.05512973328653e-05 0.00920644331729878
0.825024437927664 0.008394549383739 4.15316605370638e-05 0.00920258280317035
0.826001955034213 0.00841553681359047 4.23995965912571e-05 0.00919883789848108
0.826979472140763 0.00843693079610345 4.315842862815e-05 0.00919521009861212
0.827956989247312 0.00845867761861117 4.38115201185763e-05 0.00919170063578457
0.828934506353861 0.0084807252587315 4.43622675295731e-05 0.00918831048819752
0.829912023460411 0.0085030233990899 4.48140932735757e-05 0.0091850403891893
0.83088954056696 0.00852552343858811 4.51704389375314e-05 0.00918189083642698
0.831867057673509 0.00854817850035677 4.54347587913813e-05 0.00917886210108346
0.832844574780059 0.0085709434365305 4.56105135671459e-05 0.00917595423701701
0.833822091886608 0.0085937748299807 4.57011645106211e-05 0.00917316708990726
0.834799608993157 0.00861663099314076 4.57101676979274e-05 0.00917050030636812
0.835777126099707 0.00863947196405435 4.56409686124173e-05 0.00916795334298526
0.836754643206256 0.00866225949977554 4.54969969711484e-05 0.00916552547529889
0.837732160312806 0.00868495706724714 4.52816618139244e-05 0.00916321580670847
0.838709677419355 0.00870752983178338 4.49983468267979e-05 0.00916102327728164
0.839687194525904 0.00872994464327629 4.46504059194935e-05 0.00915894667246066
0.840664711632454 0.00875217002024916 4.42411590246837e-05 0.00915698463166709
0.841642228739003 0.0087741761318674 4.37738881399159e-05 0.00915513565677522
0.842619745845552 0.0087959347780315 4.3251833602271e-05 0.00915339812047066
0.843597262952102 0.00881741936765598 4.2678190565918e-05 0.00915177027445314
0.844574780058651 0.0088386048952486 4.20561057170192e-05 0.00915025025751284
0.8455522971652 0.00885946791589506 4.13886741861737e-05 0.00914883610344233
0.84652981427175 0.008879986518757 4.06789366844882e-05 0.00914752574880062
0.847507331378299 0.0089001402991851 3.99298768295638e-05 0.00914631704050229
0.848484848484849 0.00891991032954718 3.91444186762021e-05 0.00914520774324829
0.849462365591398 0.00893927912886944 3.83254244403477e-05 0.00914419554676922
0.850439882697947 0.00895823063138807 3.74756924128533e-05 0.00914327807290539
0.851417399804497 0.00897675015410263 3.6597955054656e-05 0.00914245288248669
0.852394916911046 0.00899482436342326 3.56948772751768e-05 0.00914171748203699
0.853372434017595 0.00901244124100043 3.47690548817117e-05 0.00914106933028507
0.854349951124145 0.00902959004882232 3.38230132021859e-05 0.00914050584448539
0.855327468230694 0.00904626129366556 3.28592058742196e-05 0.00914002440653444
0.856304985337243 0.00906244669097911 3.18800137869191e-05 0.00913962236890604
0.857282502443793 0.00907813912828038 3.08877441879607e-05 0.00913929706036829
0.858260019550342 0.00909333262814249 2.98846299409431e-05 0.0091390457915229
0.859237536656892 0.00910802231084505 2.88728289208558e-05 0.00913886586012246
0.860215053763441 0.00912220435676102 2.78544235604598e-05 0.00913875455620319
0.86119257086999 0.00913587596854823 2.68314205247328e-05 0.00913870916700625
0.86217008797654 0.00914903533321503 2.58057505304547e-05 0.00913872698170374
0.863147605083089 0.00916168158412489 2.47792682809428e-05 0.00913880529592133
0.864125122189638 0.00917381476299969 2.37537525276391e-05 0.00913894141606391
0.865102639296188 0.00918543578198477 2.27309062518955e-05 0.00913913266343626
0.866080156402737 0.00919654638583282 2.17123569605324e-05 0.00913937637818012
0.867057673509286 0.00920714911426229 2.06996570852186e-05 0.00913966992299506
0.868035190615836 0.00921724726454268 1.96942844917927e-05 0.00914001068668756
0.869012707722385 0.00922684485435887 1.86976430850031e-05 0.00914039608751167
0.869990224828935 0.00923594658500264 1.77110635116733e-05 0.00914082357633037
0.870967741935484 0.00924455780493675 1.6735803949072e-05 0.00914129063958151
0.871945259042033 0.00925268447377756 1.57730509865433e-05 0.0091417948020732
0.872922776148583 0.00926033312673535 1.48239205770354e-05 0.00914233362957992
0.873900293255132 0.0092675108395543 1.38894590823735e-05 0.00914290473127931
0.874877810361681 0.00927422519398889 1.29706443708209e-05 0.00914350576199677
0.875855327468231 0.00928048424384874 1.20683869979493e-05 0.00914413442429375
0.87683284457478 0.00928629648164972 1.11835314427569e-05 0.0091447884703752
0.877810361681329 0.0092916708058969 1.03168574056043e-05 0.00914546570384667
0.878787878787879 0.00929661648903238 9.46908116296888e-06 0.00914616398129481
0.879765395894428 0.00930114314607102 8.64085696795377e-06 0.00914688121373073
0.880742913000978 0.00930526070394987 7.83277850090923e-06 0.00914761536786199
0.881720430107527 0.00930897937161326 7.04538036328434e-06 0.00914836446722999
0.882697947214076 0.0093123096108541 6.27913960532788e-06 0.00914912659319478
0.883675464320626 0.00931526210792855 5.53447729396338e-06 0.00914989988578842
0.884652981427175 0.00931784774596201 4.81176010723021e-06 0.00915068254442271
0.885630498533724 0.00932007757815915 4.11130195657536e-06 0.0091514728284775
0.886608015640274 0.00932196280183131 3.43336563355111e-06 0.00915226905775145
0.887585532746823 0.00932351473325228 2.77816447543674e-06 0.00915306961279907
0.888563049853372 0.00932474478335072 2.14586404522968e-06 0.00915387293514198
0.889540566959922 0.00932566443424604 1.53658382698828e-06 0.00915467752737986
0.890518084066471 0.00932628521663492 9.50398929753539e-07 0.00915548195317431
0.891495601173021 0.00932661868803044 3.8734179566639e-07 0.00915628483714711
0.89247311827957 0.0093266764118575 -1.52596085094541e-07 0.00915708486466354
0.893450635386119 0.00932646993740427 -6.69462463512489e-07 0.00915788078153432
0.894428152492669 0.00932601078063001 -1.16334262006284e-06 0.00915867139361606
0.895405669599218 0.00932531040582609 -1.63435766255125e-06 0.00915945556632864
0.896383186705767 0.00932438020812723 -2.08266282790989e-06 0.00916023222409323
0.897360703812317 0.00932323149686838 -2.50844579797432e-06 0.00916100034969307
0.898338220918866 0.00932187547978081 -2.9119250289413e-06 0.00916175898355471
0.899315738025415 0.0093203232480199 -3.29334809304749e-06 0.00916250722296681
0.900293255131965 0.00931858576201733 -3.65299004180793e-06 0.00916324422123427
0.901270772238514 0.00931667383814683 -3.99115178705087e-06 0.00916396918676559
0.902248289345064 0.0093145981361942 -4.308158505313e-06 0.00916468138210948
0.903225806451613 0.00931236914761864 -4.60435806546412e-06 0.00916538012294201
0.904203323558162 0.00930999718459508 -4.88011948145833e-06 0.00916606477699412
0.905180840664712 0.00930749236982176 -5.13583139414908e-06 0.00916673476294677
0.906158357771261 0.00930486462708165 -5.37190057852129e-06 0.00916738954927249
0.90713587487781 0.00930212367254043 -5.58875048746695e-06 0.00916802865305351
0.90811339198436 0.00929927900676763 -5.78681981761854e-06 0.00916865163875894
0.909090909090909 0.00929633990746352 -5.96656111958831e-06 0.00916925811698834
0.910068426197458 0.0092933154228753 -6.12843943030247e-06 0.00916984774319621
0.911045943304008 0.00929021436588615 -6.27293095191333e-06 0.00917042021638974
0.912023460410557 0.0092870453087576 -6.4005217553342e-06 0.00917097527780572
0.913000977517107 0.00928381657851009 -6.5117065296706e-06 0.00917151270957307
0.913978494623656 0.00928053625291903 -6.60698736442611e-06 0.00917203233335695
0.914956011730205 0.00927721215711243 -6.68687256807085e-06 0.00917253400899506
0.915933528836755 0.00927385186074635 -6.75187553144632e-06 0.00917301763312757
0.916911045943304 0.00927046267574306 -6.8025136201111e-06 0.00917348313781835
0.917888563049853 0.00926705165456825 -6.83930711954886e-06 0.00917393048917163
0.918866080156403 0.00926362558903088 -6.86277820497955e-06 0.00917435968595511
0.919843597262952 0.00926019100958408 -6.87344996366546e-06 0.00917477075821612
0.920821114369501 0.00925675418510817 -6.8718454454357e-06 0.00917516376591288
0.921798631476051 0.00925332112315557 -6.85848676506721e-06 0.00917553879753938
0.9227761485826 0.00924989757063718 -6.8338942326676e-06 0.00917589596877214
0.92375366568915 0.00924648901493214 -6.79858553125426e-06 0.00917623542111718
0.924731182795699 0.00924310068539883 -6.75307493341903e-06 0.00917655732057379
0.925708699902248 0.00923973755526925 -6.69787255037652e-06 0.00917686185631383
0.926686217008798 0.00923640434390732 -6.63348362942332e-06 0.00917714923937529
0.927663734115347 0.00923310551940996 -6.56040788176977e-06 0.00917741970137312
0.928641251221896 0.00922984530153511 -6.47913885120407e-06 0.00917767349322938
0.929618768328446 0.00922662766493432 -6.39016332316337e-06 0.00917791088392299
0.930596285434995 0.00922345634267349 -6.29396076478965e-06 0.0091781321592658
0.931573802541544 0.00922033483002307 -6.19100280750944e-06 0.00917833762069526
0.932551319648094 0.00921726638849907 -6.08175275949733e-06 0.0091785275840933
0.933528836754643 0.00921425405013798 -5.96666515871548e-06 0.00917870237863134
0.934506353861193 0.00921130062198736 -5.84618535654337e-06 0.00917886234564311
0.935483870967742 0.00920840869079595 -5.72074913624508e-06 0.00917900783751944
0.936461388074291 0.00920558062788627 -5.59078236387614e-06 0.00917913921663567
0.937438905180841 0.00920281859419335 -5.45670067315712e-06 0.00917925685430132
0.93841642228739 0.00920012454545404 -5.31890917823338e-06 0.00917936112974668
0.939393939393939 0.00919750023753069 -5.17780222263932e-06 0.00917945242913219
0.940371456500489 0.00919494723185562 -5.03376314861005e-06 0.00917953114459072
0.941348973607038 0.00919246690098037 -4.88716410599905e-06 0.00917959767329716
0.942326490713588 0.00919006043421609 -4.73836588098242e-06 0.00917965241657688
0.943304007820137 0.0091877288433514 -4.58771775598693e-06 0.0091796957790355
0.944281524926686 0.00918547296843513 -4.43555739064114e-06 0.00917972816772328
0.945259042033236 0.00918329348361005 -4.28221073674531e-06 0.009179749991329
0.946236559139785 0.00918119090298526 -4.12799196787203e-06 0.0091797616594122
0.947214076246334 0.00917916558653605 -3.97320344045111e-06 0.00917976358165996
0.948191593352884 0.00917721774602006 -3.81813566741572e-06 0.00917975616717194
0.949169110459433 0.00917534745089758 -3.66306732666431e-06 0.00917973982378703
0.950146627565982 0.00917355463424624 -3.50826527629328e-06 0.00917971495743199
0.951124144672532 0.00917183909866054 -3.35398459960778e-06 0.00917968197150524
0.952101661779081 0.00917020052212547 -3.20046866221849e-06 0.00917964126628778
0.953079178885631 0.00916863846385614 -3.0479491929386e-06 0.00917959323838739
0.95405669599218 0.00916715237009386 -2.89664637469558e-06 0.00917953828021446
0.955034213098729 0.00916574157985148 -2.74676895882162e-06 0.0091794767794813
0.956011730205279 0.00916440533059926 -2.59851438555447e-06 0.00917940911873565
0.956989247311828 0.00916314276388511 -2.45206892995203e-06 0.00917933567491958
0.957966764418377 0.00916195293087957 -2.30760785089809e-06 0.00917925681896186
0.958944281524927 0.00916083479784394 -2.16529555762887e-06 0.00917917291539322
0.959921798631476 0.00915978725150968 -2.02528578869404e-06 0.00917908432198951
0.960899315738025 0.00915880910436817 -1.88772179906399e-06 0.00917899138944016
0.961876832844575 0.00915789909986323 -1.75273655805136e-06 0.00917889446105061
0.962854349951124 0.00915705591748153 -1.62045295974689e-06 0.00917879387246458
0.963831867057674 0.00915627817773756 -1.49098403589426e-06 0.00917868995140428
0.964809384164223 0.0091555644470479 -1.36443318448851e-06 0.00917858301744827
0.965786901270772 0.00915491324249196 -1.24089439487718e-06 0.00917847338182565
0.966764418377322 0.00915432303645569 -1.12045249170065e-06 0.00917836134723656
0.967741935483871 0.00915379226115454 -1.00318337373922e-06 0.00917824720768903
0.96871945259042 0.00915331931303348 -8.89154265569514e-07 0.009178131248363
0.96969696969697 0.00915290255704171 -7.78423968526842e-07 0.00917801374549489
0.970674486803519 0.00915254033078017 -6.71043116663717e-07 0.00917789496628354
0.971652003910068 0.00915223094852058 -5.67054437072834e-07 0.00917777516880647
0.972629521016618 0.00915197270509249 -4.66493014810582e-07 0.00917765460196923
0.973607038123167 0.00915176387963995 -3.69386550784501e-07 0.0091775335054637
0.974584555229717 0.00915160273924565 -2.75755634663449e-07 0.00917741210974932
0.975562072336266 0.00915148754242051 -1.8561400701167e-07 0.00917729063604196
0.976539589442815 0.00915141654246232 -9.89688267831468e-08 0.0091771692963289
0.977517106549365 0.00915138799067788 -1.58209402748716e-08 0.00917704829339303
0.978494623655914 0.00915140013947452 6.38348540719577e-08 0.00917692782086053
0.979472140762463 0.00915145124531669 1.40009540213273e-07 0.00917680806324693
0.980449657869013 0.00915153957155085 2.12719618422445e-07 0.00917668919603015
0.981427174975562 0.00915166339109852 2.81986843863333e-07 0.00917657138573238
0.982404692082111 0.00915182098901818 3.47837967596071e-07 0.00917645479001449
0.983382209188661 0.0091520106649387 4.10304476713107e-07 0.00917633955777312
0.98435972629521 0.00915223073536425 4.69422341849331e-07 0.00917622582926347
0.98533724340176 0.00915247953585008 5.25231757211864e-07 0.00917611373622119
0.986314760508309 0.00915275542305644 5.77776906422744e-07 0.00917600340199913
0.987292277614858 0.00915305677667883 6.27105706306995e-07 0.00917589494170175
0.988269794721408 0.00915338200125476 6.7326956798737e-07 0.00917578846234898
0.989247311827957 0.00915372952785243 7.16323164052374e-07 0.00917568406302641
0.990224828934506 0.00915409781564264 7.56324195352182e-07 0.00917558183505314
0.991202346041056 0.00915448535335533 7.933331585986e-07 0.0091754818621529
0.992179863147605 0.00915489066062269 8.2741313009102e-07 0.00917538422063351
0.993157380254154 0.00915531228921507 8.58629549876921e-07 0.00917528897956761
0.994134897360704 0.00915574882416648 8.87049997989886e-07 0.0091751962009826
0.995112414467253 0.00915619888479569 9.12743999739035e-07 0.00917510594005042
0.996089931573803 0.00915666112562702 9.35782818085179e-07 0.00917501824528105
0.997067448680352 0.0091571342372096 9.56239256937053e-07 0.00917493315872581
0.998044965786901 0.0091576169468407 9.74187474814259e-07 0.00917485071617807
0.999022482893451 0.00915810801919698 9.89702799637782e-07 0.00917477094737298
1 0.00915860625687215 1.00286154318396e-06 0.0091746938761932
